 662
 1084
 652
 1694
 1280
 756
 186
 1162
 1752
 594
 225
 64
 1099
 1699
 960
 902
 726
 1099
 1228
 124
 787
 427
 208
 1860
 1855
 1885
 21
 1464
 752
 464
 666
 960
 1217
 1666
 464
 74
 756
 847
 1627
 1120
 1120
 688
 259
 1840
 1832
 647
 583
 883
 450
 1249
 1760
 1084
 1061
 756
 427
 210
 1120
 1208
 1061
 74
 1792
 246
 204
 1162
 1840
 103
 1308
 1708
 1099
 1699
 626
 825
 1627
 417
 1494
 487
 492
 688
 1666
 1824
 74
 847
 883
 1766
 1437
 1671
 116
 1803
 1376
 825
 1545
 1280
 677
 1171
 1666
 1095
 225
 883
 1590
 476
 626
 1084
 1792
 246
 825
 1666
 139
 961
 1835
 1101
 80
 1309
 756
 427
 210
 909
 74
 810
 785
 971
 1666
 1845
 988
 380
 825
 960
 1113
 1855
 571
 1666
 1171
 1163
 1630
 877
 940
 1018
 1699
 1365
 666
 1666
 1284
 230
 850
 810
 86
 238
 771
 1018
 825
 75
 1804
 1860
 1675
 162
 1371
 1785
 1462
 1666
 1095
 225
 756
 1440
 1192
 1162
 805
 1182
 1510
 162
 718
 666
 452
 1790
 1162
 960
 1613
 116
 1379
 1177
 1830
 1664
 980
 876
 960
 1773
 735
 531
 799
 666
 1744
 1610
 840
 961
 995
 531